79732
79754
79739
79738
79743
79748
79744
79731
79743
79754
79731
79749
79751
79719
79743
79763
79727
79750
79739
79739
79745
79751
79736
79736
79749
79739
79732
79750
79744
79740
79739
79749
79748
79735
79737
79755
79726
79752
79753
79722
79748
79756
79721
79752
79741
79743
79741
79747
79741
79740
79747
79735
79740
79740
79751
79740
79737
79745
79751
79738
79739
79753
79717
79751
79759
79722
79755
79742
79729
79748
79746
79736
79743
79747
79744
79732
79752
79740
79739
79740
79749
79747
79731
79739
79757
79727
79750
79751
79722
79744
79764
79724
79747
79746
79736
79742
79754
79732
79740
79751
79739
79733
79745
79749
79735
79740
79751
79741
79742
79737
79754
79723
79755
79754
79722
79746
79756
79720
79750
79741
79744
79743
79747
79741
79737
79752
79732
79741
79736
79754
79742
79737
79745
79747
79740
79739
79754
79716
79750
79760
79720
79756
79740
79733
79751
79741
79738
79744
79747
79740
79733
79752
79743
79740
79738
79746
79751
79731
79738
79757
79727
79749
79752
79722
79745
79760
79730
79741
79750
79736
79742
79750
79735
79741
79749
79741
79735
79745
79746
79736
79737
79753
79743
79743
79733
79758
79720
79752
79756
79725
79746
79752
79721
79751
79743
79746
79736
79747
79743
79734
79753
79734
79741
79740
79752
79742
79739
79741
79749
79738
79739
79757
79713
79748
79759
79725
79754
79741
79734
79753
79740
79737
79743
79749
79735
79737
79750
79743
79742
79737
79747
79750
79735
79737
79754
79726
79751
79752
79723
79744
79757
79727
79748
79745
79740
79743
79748
79738
79740
79746
79741
79738
79742
79748
79738
79734
79753
79744
79742
79737
79751
79722
79753
79755
79726
79748
79748
79723
79753
79742
79744
79736
79746
79746
79730
79756
79736
79739
79742
79749
79748
79732
79741
79750
79738
79744
79753
79719
79741
79762
79725
79751
79743
79736
79749
79743
79737
79740
79750
79736
79733
79751
79745
79738
79742
79745
79751
79733
79737
79756
79726
79750
79754
79723
79746
79756
79724
79750
79744
79743
79739
79748
79739
79738
79750
79738
79736
79745
79746
79741
79735
79749
79746
79743
79733
79756
79721
79750
79759
79722
79751
79745
79727
79750
79744
79739
79740
79747
79744